MÊ;PRODUTO;PREÇO MÉDIO REVEN;;;;;;;;;;;;
jan/13;ETANOL HIDRATADO;1,956;;;;;;;;;;;;
jan/13;GASOLINA COMUM;2,763;;;;;;;;;;;;
jan/13;GLP;40,164;;;;;;;;;;;;
jan/13;GNV;1,764;;;;;;;;;;;;
jan/13;OLEO DIESEL;2,156;;;;;;;;;;;;
jan/13;OLEO DIESEL S10;2,235;;;;;;;;;;;;
fev/13;ETANOL HIDRATADO;2,000;;;;;;;;;;;;
fev/13;GASOLINA COMUM;2,887;;;;;;;;;;;;
fev/13;GLP;40,414;;;;;;;;;;;;
fev/13;GNV;1,770;;;;;;;;;;;;
fev/13;OLEO DIESEL;2,252;;;;;;;;;;;;
fev/13;OLEO DIESEL S10;2,330;;;;;;;;;;;;
mar/13;ETANOL HIDRATADO;2,058;;;;;;;;;;;;
mar/13;GASOLINA COMUM;2,886;;;;;;;;;;;;
mar/13;GLP;40,513;;;;;;;;;;;;
mar/13;GNV;1,776;;;;;;;;;;;;
mar/13;OLEO DIESEL;2,301;;;;;;;;;;;;
mar/13;OLEO DIESEL S10;2,388;;;;;;;;;;;;
abr/13;ETANOL HIDRATADO;2,064;;;;;;;;;;;;
abr/13;GASOLINA COMUM;2,876;;;;;;;;;;;;
abr/13;GLP;40,743;;;;;;;;;;;;
abr/13;GNV;1,784;;;;;;;;;;;;
abr/13;OLEO DIESEL;2,332;;;;;;;;;;;;
abr/13;OLEO DIESEL S10;2,426;;;;;;;;;;;;
mai/13;ETANOL HIDRATADO;2,029;;;;;;;;;;;;
mai/13;GASOLINA COMUM;2,862;;;;;;;;;;;;
mai/13;GLP;40,899;;;;;;;;;;;;
mai/13;GNV;1,777;;;;;;;;;;;;
mai/13;OLEO DIESEL;2,333;;;;;;;;;;;;
mai/13;OLEO DIESEL S10;2,430;;;;;;;;;;;;
jun/13;ETANOL HIDRATADO;1,943;;;;;;;;;;;;
jun/13;GASOLINA COMUM;2,848;;;;;;;;;;;;
jun/13;GLP;40,908;;;;;;;;;;;;
jun/13;GNV;1,786;;;;;;;;;;;;
jun/13;OLEO DIESEL;2,333;;;;;;;;;;;;
jun/13;OLEO DIESEL S10;2,432;;;;;;;;;;;;
jul/13;ETANOL HIDRATADO;1,918;;;;;;;;;;;;
jul/13;GASOLINA COMUM;2,839;;;;;;;;;;;;
jul/13;GLP;40,899;;;;;;;;;;;;
jul/13;GNV;1,792;;;;;;;;;;;;
jul/13;OLEO DIESEL;2,333;;;;;;;;;;;;
jul/13;OLEO DIESEL S10;2,431;;;;;;;;;;;;
ago/13;ETANOL HIDRATADO;1,902;;;;;;;;;;;;
ago/13;GASOLINA COMUM;2,835;;;;;;;;;;;;
ago/13;GLP;40,975;;;;;;;;;;;;
ago/13;GNV;1,785;;;;;;;;;;;;
ago/13;OLEO DIESEL;2,331;;;;;;;;;;;;
ago/13;OLEO DIESEL S10;2,430;;;;;;;;;;;;
set/13;ETANOL HIDRATADO;1,895;;;;;;;;;;;;
set/13;GASOLINA COMUM;2,834;;;;;;;;;;;;
set/13;GLP;41,532;;;;;;;;;;;;
set/13;GNV;1,787;;;;;;;;;;;;
set/13;OLEO DIESEL;2,331;;;;;;;;;;;;
set/13;OLEO DIESEL S10;2,430;;;;;;;;;;;;
out/13;ETANOL HIDRATADO;1,914;;;;;;;;;;;;
out/13;GASOLINA COMUM;2,834;;;;;;;;;;;;
out/13;GLP;42,112;;;;;;;;;;;;
out/13;GNV;1,790;;;;;;;;;;;;
out/13;OLEO DIESEL;2,332;;;;;;;;;;;;
out/13;OLEO DIESEL S10;2,428;;;;;;;;;;;;
nov/13;ETANOL HIDRATADO;1,932;;;;;;;;;;;;
nov/13;GASOLINA COMUM;2,841;;;;;;;;;;;;
nov/13;GLP;42,337;;;;;;;;;;;;
nov/13;GNV;1,792;;;;;;;;;;;;
nov/13;OLEO DIESEL;2,332;;;;;;;;;;;;
nov/13;OLEO DIESEL S10;2,428;;;;;;;;;;;;
dez/13;ETANOL HIDRATADO;2,022;;;;;;;;;;;;
dez/13;GASOLINA COMUM;2,946;;;;;;;;;;;;
dez/13;GLP;42,444;;;;;;;;;;;;
dez/13;GNV;1,812;;;;;;;;;;;;
dez/13;OLEO DIESEL;2,466;;;;;;;;;;;;
dez/13;OLEO DIESEL S10;2,570;;;;;;;;;;;;
jan/14;ETANOL HIDRATADO;2,047;;;;;;;;;;;;
jan/14;GASOLINA COMUM;2,956;;;;;;;;;;;;
jan/14;GLP;42,484;;;;;;;;;;;;
jan/14;GNV;1,825;;;;;;;;;;;;
jan/14;OLEO DIESEL;2,485;;;;;;;;;;;;
jan/14;OLEO DIESEL S10;2,590;;;;;;;;;;;;
fev/14;ETANOL HIDRATADO;2,074;;;;;;;;;;;;
fev/14;GASOLINA COMUM;2,955;;;;;;;;;;;;
fev/14;GLP;42,613;;;;;;;;;;;;
fev/14;GNV;1,830;;;;;;;;;;;;
fev/14;OLEO DIESEL;2,491;;;;;;;;;;;;
fev/14;OLEO DIESEL S10;2,596;;;;;;;;;;;;
mar/14;ETANOL HIDRATADO;2,168;;;;;;;;;;;;
mar/14;GASOLINA COMUM;2,980;;;;;;;;;;;;
mar/14;GLP;42,631;;;;;;;;;;;;
mar/14;GNV;1,841;;;;;;;;;;;;
mar/14;OLEO DIESEL;2,497;;;;;;;;;;;;
mar/14;OLEO DIESEL S10;2,601;;;;;;;;;;;;
abr/14;ETANOL HIDRATADO;2,177;;;;;;;;;;;;
abr/14;GASOLINA COMUM;2,988;;;;;;;;;;;;
abr/14;GLP;42,672;;;;;;;;;;;;
abr/14;GNV;1,859;;;;;;;;;;;;
abr/14;OLEO DIESEL;2,502;;;;;;;;;;;;
abr/14;OLEO DIESEL S10;2,608;;;;;;;;;;;;
mai/14;ETANOL HIDRATADO;2,134;;;;;;;;;;;;
mai/14;GASOLINA COMUM;2,978;;;;;;;;;;;;
mai/14;GLP;42,664;;;;;;;;;;;;
mai/14;GNV;1,871;;;;;;;;;;;;
mai/14;OLEO DIESEL;2,500;;;;;;;;;;;;
mai/14;OLEO DIESEL S10;2,609;;;;;;;;;;;;
jun/14;ETANOL HIDRATADO;2,071;;;;;;;;;;;;
jun/14;GASOLINA COMUM;2,966;;;;;;;;;;;;
jun/14;GLP;42,692;;;;;;;;;;;;
jun/14;GNV;1,888;;;;;;;;;;;;
jun/14;OLEO DIESEL;2,500;;;;;;;;;;;;
jun/14;OLEO DIESEL S10;2,609;;;;;;;;;;;;
jul/14;ETANOL HIDRATADO;2,042;;;;;;;;;;;;
jul/14;GASOLINA COMUM;2,957;;;;;;;;;;;;
jul/14;GLP;42,657;;;;;;;;;;;;
jul/14;GNV;1,892;;;;;;;;;;;;
jul/14;OLEO DIESEL;2,499;;;;;;;;;;;;
jul/14;OLEO DIESEL S10;2,610;;;;;;;;;;;;
ago/14;ETANOL HIDRATADO;2,034;;;;;;;;;;;;
ago/14;GASOLINA COMUM;2,960;;;;;;;;;;;;
ago/14;GLP;42,638;;;;;;;;;;;;
ago/14;GNV;1,916;;;;;;;;;;;;
ago/14;OLEO DIESEL;2,501;;;;;;;;;;;;
ago/14;OLEO DIESEL S10;2,633;;;;;;;;;;;;
set/14;ETANOL HIDRATADO;2,005;;;;;;;;;;;;
set/14;GASOLINA COMUM;2,963;;;;;;;;;;;;
set/14;GLP;43,700;;;;;;;;;;;;
set/14;GNV;1,900;;;;;;;;;;;;
set/14;OLEO DIESEL;2,501;;;;;;;;;;;;
set/14;OLEO DIESEL S10;2,640;;;;;;;;;;;;
out/14;ETANOL HIDRATADO;1,999;;;;;;;;;;;;
out/14;GASOLINA COMUM;2,960;;;;;;;;;;;;
out/14;GLP;44,432;;;;;;;;;;;;
out/14;GNV;1,903;;;;;;;;;;;;
out/14;OLEO DIESEL;2,500;;;;;;;;;;;;
out/14;OLEO DIESEL S10;2,640;;;;;;;;;;;;
nov/14;ETANOL HIDRATADO;2,016;;;;;;;;;;;;
nov/14;GASOLINA COMUM;3,009;;;;;;;;;;;;
nov/14;GLP;44,596;;;;;;;;;;;;
nov/14;GNV;1,907;;;;;;;;;;;;
nov/14;OLEO DIESEL;2,564;;;;;;;;;;;;
nov/14;OLEO DIESEL S10;2,713;;;;;;;;;;;;
dez/14;ETANOL HIDRATADO;2,041;;;;;;;;;;;;
dez/14;GASOLINA COMUM;3,031;;;;;;;;;;;;
dez/14;GLP;44,701;;;;;;;;;;;;
dez/14;GNV;1,913;;;;;;;;;;;;
dez/14;OLEO DIESEL;2,606;;;;;;;;;;;;
dez/14;OLEO DIESEL S10;2,756;;;;;;;;;;;;
jan/15;ETANOL HIDRATADO;2,061;;;;;;;;;;;;
jan/15;GASOLINA COMUM;3,032;;;;;;;;;;;;
jan/15;GLP;44,673;;;;;;;;;;;;
jan/15;GNV;1,926;;;;;;;;;;;;
jan/15;OLEO DIESEL;2,611;;;;;;;;;;;;
jan/15;OLEO DIESEL S10;2,763;;;;;;;;;;;;
fev/15;ETANOL HIDRATADO;2,224;;;;;;;;;;;;
fev/15;GASOLINA COMUM;3,301;;;;;;;;;;;;
fev/15;GLP;44,892;;;;;;;;;;;;
fev/15;GNV;1,944;;;;;;;;;;;;
fev/15;OLEO DIESEL;2,788;;;;;;;;;;;;
fev/15;OLEO DIESEL S10;2,937;;;;;;;;;;;;
mar/15;ETANOL HIDRATADO;2,226;;;;;;;;;;;;
mar/15;GASOLINA COMUM;3,323;;;;;;;;;;;;
mar/15;GLP;45,228;;;;;;;;;;;;
mar/15;GNV;1,955;;;;;;;;;;;;
mar/15;OLEO DIESEL;2,810;;;;;;;;;;;;
mar/15;OLEO DIESEL S10;2,958;;;;;;;;;;;;
abr/15;ETANOL HIDRATADO;2,179;;;;;;;;;;;;
abr/15;GASOLINA COMUM;3,308;;;;;;;;;;;;
abr/15;GLP;45,765;;;;;;;;;;;;
abr/15;GNV;1,986;;;;;;;;;;;;
abr/15;OLEO DIESEL;2,809;;;;;;;;;;;;
abr/15;OLEO DIESEL S10;2,957;;;;;;;;;;;;
mai/15;ETANOL HIDRATADO;2,141;;;;;;;;;;;;
mai/15;GASOLINA COMUM;3,299;;;;;;;;;;;;
mai/15;GLP;45,950;;;;;;;;;;;;
mai/15;GNV;2,005;;;;;;;;;;;;
mai/15;OLEO DIESEL;2,808;;;;;;;;;;;;
mai/15;OLEO DIESEL S10;2,956;;;;;;;;;;;;
jun/15;ETANOL HIDRATADO;2,112;;;;;;;;;;;;
jun/15;GASOLINA COMUM;3,301;;;;;;;;;;;;
jun/15;GLP;45,920;;;;;;;;;;;;
jun/15;GNV;2,023;;;;;;;;;;;;
jun/15;OLEO DIESEL;2,807;;;;;;;;;;;;
jun/15;OLEO DIESEL S10;2,957;;;;;;;;;;;;
jul/15;ETANOL HIDRATADO;2,081;;;;;;;;;;;;
jul/15;GASOLINA COMUM;3,296;;;;;;;;;;;;
jul/15;GLP;45,959;;;;;;;;;;;;
jul/15;GNV;2,057;;;;;;;;;;;;
jul/15;OLEO DIESEL;2,805;;;;;;;;;;;;
jul/15;OLEO DIESEL S10;2,954;;;;;;;;;;;;
ago/15;ETANOL HIDRATADO;2,061;;;;;;;;;;;;
ago/15;GASOLINA COMUM;3,295;;;;;;;;;;;;
ago/15;GLP;46,015;;;;;;;;;;;;
ago/15;GNV;2,099;;;;;;;;;;;;
ago/15;OLEO DIESEL;2,805;;;;;;;;;;;;
ago/15;OLEO DIESEL S10;2,954;;;;;;;;;;;;
set/15;ETANOL HIDRATADO;2,074;;;;;;;;;;;;
set/15;GASOLINA COMUM;3,277;;;;;;;;;;;;
set/15;GLP;52,918;;;;;;;;;;;;
set/15;GNV;2,146;;;;;;;;;;;;
set/15;OLEO DIESEL;2,809;;;;;;;;;;;;
set/15;OLEO DIESEL S10;2,957;;;;;;;;;;;;
out/15;ETANOL HIDRATADO;2,365;;;;;;;;;;;;
out/15;GASOLINA COMUM;3,480;;;;;;;;;;;;
out/15;GLP;53,867;;;;;;;;;;;;
out/15;GNV;2,183;;;;;;;;;;;;
out/15;OLEO DIESEL;2,925;;;;;;;;;;;;
out/15;OLEO DIESEL S10;3,074;;;;;;;;;;;;
nov/15;ETANOL HIDRATADO;2,578;;;;;;;;;;;;
nov/15;GASOLINA COMUM;3,576;;;;;;;;;;;;
nov/15;GLP;54,205;;;;;;;;;;;;
nov/15;GNV;2,208;;;;;;;;;;;;
nov/15;OLEO DIESEL;2,965;;;;;;;;;;;;
nov/15;OLEO DIESEL S10;3,112;;;;;;;;;;;;
dez/15;ETANOL HIDRATADO;2,659;;;;;;;;;;;;
dez/15;GASOLINA COMUM;3,633;;;;;;;;;;;;
dez/15;GLP;54,071;;;;;;;;;;;;
dez/15;GNV;2,225;;;;;;;;;;;;
dez/15;OLEO DIESEL;2,985;;;;;;;;;;;;
dez/15;OLEO DIESEL S10;3,128;;;;;;;;;;;;
jan/16;ETANOL HIDRATADO;2,718;;;;;;;;;;;;
jan/16;GASOLINA COMUM;3,676;;;;;;;;;;;;
jan/16;GLP;53,947;;;;;;;;;;;;
jan/16;GNV;2,244;;;;;;;;;;;;
jan/16;OLEO DIESEL;3,003;;;;;;;;;;;;
jan/16;OLEO DIESEL S10;3,148;;;;;;;;;;;;
fev/16;ETANOL HIDRATADO;2,808;;;;;;;;;;;;
fev/16;GASOLINA COMUM;3,710;;;;;;;;;;;;
fev/16;GLP;53,941;;;;;;;;;;;;
fev/16;GNV;2,251;;;;;;;;;;;;
fev/16;OLEO DIESEL;3,017;;;;;;;;;;;;
fev/16;OLEO DIESEL S10;3,158;;;;;;;;;;;;
mar/16;ETANOL HIDRATADO;2,869;;;;;;;;;;;;
mar/16;GASOLINA COMUM;3,730;;;;;;;;;;;;
mar/16;GLP;53,871;;;;;;;;;;;;
mar/16;GNV;2,253;;;;;;;;;;;;
mar/16;OLEO DIESEL;3,020;;;;;;;;;;;;
mar/16;OLEO DIESEL S10;3,164;;;;;;;;;;;;
abr/16;ETANOL HIDRATADO;2,741;;;;;;;;;;;;
abr/16;GASOLINA COMUM;3,717;;;;;;;;;;;;
abr/16;GLP;53,679;;;;;;;;;;;;
abr/16;GNV;2,251;;;;;;;;;;;;
abr/16;OLEO DIESEL;3,021;;;;;;;;;;;;
abr/16;OLEO DIESEL S10;3,165;;;;;;;;;;;;
mai/16;ETANOL HIDRATADO;2,478;;;;;;;;;;;;
mai/16;GASOLINA COMUM;3,674;;;;;;;;;;;;
mai/16;GLP;53,384;;;;;;;;;;;;
mai/16;GNV;2,241;;;;;;;;;;;;
mai/16;OLEO DIESEL;3,017;;;;;;;;;;;;
mai/16;OLEO DIESEL S10;3,161;;;;;;;;;;;;
jun/16;ETANOL HIDRATADO;2,466;;;;;;;;;;;;
jun/16;GASOLINA COMUM;3,646;;;;;;;;;;;;
jun/16;GLP;53,122;;;;;;;;;;;;
jun/16;GNV;2,231;;;;;;;;;;;;
jun/16;OLEO DIESEL;3,015;;;;;;;;;;;;
jun/16;OLEO DIESEL S10;3,159;;;;;;;;;;;;
jul/16;ETANOL HIDRATADO;2,434;;;;;;;;;;;;
jul/16;GASOLINA COMUM;3,638;;;;;;;;;;;;
jul/16;GLP;52,878;;;;;;;;;;;;
jul/16;GNV;2,235;;;;;;;;;;;;
jul/16;OLEO DIESEL;3,013;;;;;;;;;;;;
jul/16;OLEO DIESEL S10;3,156;;;;;;;;;;;;
ago/16;ETANOL HIDRATADO;2,485;;;;;;;;;;;;
ago/16;GASOLINA COMUM;3,651;;;;;;;;;;;;
ago/16;GLP;52,774;;;;;;;;;;;;
ago/16;GNV;2,212;;;;;;;;;;;;
ago/16;OLEO DIESEL;3,010;;;;;;;;;;;;
ago/16;OLEO DIESEL S10;3,150;;;;;;;;;;;;
set/16;ETANOL HIDRATADO;2,510;;;;;;;;;;;;
set/16;GASOLINA COMUM;3,648;;;;;;;;;;;;
set/16;GLP;54,688;;;;;;;;;;;;
set/16;GNV;2,224;;;;;;;;;;;;
set/16;OLEO DIESEL;3,009;;;;;;;;;;;;
set/16;OLEO DIESEL S10;3,150;;;;;;;;;;;;
out/16;ETANOL HIDRATADO;2,676;;;;;;;;;;;;
out/16;GASOLINA COMUM;3,662;;;;;;;;;;;;
out/16;GLP;55,343;;;;;;;;;;;;
out/16;GNV;2,201;;;;;;;;;;;;
out/16;OLEO DIESEL;3,009;;;;;;;;;;;;
out/16;OLEO DIESEL S10;3,148;;;;;;;;;;;;
nov/16;ETANOL HIDRATADO;2,812;;;;;;;;;;;;
nov/16;GASOLINA COMUM;3,671;;;;;;;;;;;;
nov/16;GLP;55,607;;;;;;;;;;;;
nov/16;GNV;2,221;;;;;;;;;;;;
nov/16;OLEO DIESEL;2,993;;;;;;;;;;;;
nov/16;OLEO DIESEL S10;3,136;;;;;;;;;;;;
dez/16;ETANOL HIDRATADO;2,831;;;;;;;;;;;;
dez/16;GASOLINA COMUM;3,734;;;;;;;;;;;;
dez/16;GLP;55,601;;;;;;;;;;;;
dez/16;GNV;2,214;;;;;;;;;;;;
dez/16;OLEO DIESEL;3,024;;;;;;;;;;;;
dez/16;OLEO DIESEL S10;3,170;;;;;;;;;;;;
jan/17;ETANOL HIDRATADO;2,910;;;;;;;;;;;;
jan/17;GASOLINA COMUM;3,768;;;;;;;;;;;;
jan/17;GLP;55,611;;;;;;;;;;;;
jan/17;GNV;2,218;;;;;;;;;;;;
jan/17;OLEO DIESEL;3,092;;;;;;;;;;;;
jan/17;OLEO DIESEL S10;3,239;;;;;;;;;;;;
fev/17;ETANOL HIDRATADO;2,884;;;;;;;;;;;;
fev/17;GASOLINA COMUM;3,755;;;;;;;;;;;;
fev/17;GLP;55,488;;;;;;;;;;;;
fev/17;GNV;2,284;;;;;;;;;;;;
fev/17;OLEO DIESEL;3,098;;;;;;;;;;;;
fev/17;OLEO DIESEL S10;3,241;;;;;;;;;;;;
mar/17;ETANOL HIDRATADO;2,745;;;;;;;;;;;;
mar/17;GASOLINA COMUM;3,687;;;;;;;;;;;;
mar/17;GLP;55,679;;;;;;;;;;;;
mar/17;GNV;2,302;;;;;;;;;;;;
mar/17;OLEO DIESEL;3,050;;;;;;;;;;;;
mar/17;OLEO DIESEL S10;3,191;;;;;;;;;;;;
abr/17;ETANOL HIDRATADO;2,639;;;;;;;;;;;;
abr/17;GASOLINA COMUM;3,635;;;;;;;;;;;;
abr/17;GLP;57,187;;;;;;;;;;;;
abr/17;GNV;2,298;;;;;;;;;;;;
abr/17;OLEO DIESEL;3,015;;;;;;;;;;;;
abr/17;OLEO DIESEL S10;3,156;;;;;;;;;;;;
mai/17;ETANOL HIDRATADO;2,584;;;;;;;;;;;;
mai/17;GASOLINA COMUM;3,617;;;;;;;;;;;;
mai/17;GLP;57,206;;;;;;;;;;;;
mai/17;GNV;2,316;;;;;;;;;;;;
mai/17;OLEO DIESEL;3,017;;;;;;;;;;;;
mai/17;OLEO DIESEL S10;3,153;;;;;;;;;;;;
jun/17;ETANOL HIDRATADO;2,485;;;;;;;;;;;;
jun/17;GASOLINA COMUM;3,548;;;;;;;;;;;;
jun/17;GLP;57,379;;;;;;;;;;;;
jun/17;GNV;2,334;;;;;;;;;;;;
jun/17;OLEO DIESEL;2,985;;;;;;;;;;;;
jun/17;OLEO DIESEL S10;3,121;;;;;;;;;;;;
jul/17;ETANOL HIDRATADO;2,460;;;;;;;;;;;;
jul/17;GASOLINA COMUM;3,553;;;;;;;;;;;;
jul/17;GLP;57,526;;;;;;;;;;;;
jul/17;GNV;2,342;;;;;;;;;;;;
jul/17;OLEO DIESEL;2,971;;;;;;;;;;;;
jul/17;OLEO DIESEL S10;3,101;;;;;;;;;;;;
ago/17;ETANOL HIDRATADO;2,611;;;;;;;;;;;;
ago/17;GASOLINA COMUM;3,781;;;;;;;;;;;;
ago/17;GLP;57,601;;;;;;;;;;;;
ago/17;GNV;2,368;;;;;;;;;;;;
ago/17;OLEO DIESEL;3,102;;;;;;;;;;;;
ago/17;OLEO DIESEL S10;3,237;;;;;;;;;;;;
set/17;ETANOL HIDRATADO;2,633;;;;;;;;;;;;
set/17;GASOLINA COMUM;3,881;;;;;;;;;;;;
set/17;GLP;59,451;;;;;;;;;;;;
set/17;GNV;2,376;;;;;;;;;;;;
set/17;OLEO DIESEL;3,173;;;;;;;;;;;;
set/17;OLEO DIESEL S10;3,309;;;;;;;;;;;;
out/17;ETANOL HIDRATADO;2,668;;;;;;;;;;;;
out/17;GASOLINA COMUM;3,895;;;;;;;;;;;;
out/17;GLP;63,208;;;;;;;;;;;;
out/17;GNV;2,387;;;;;;;;;;;;
out/17;OLEO DIESEL;3,223;;;;;;;;;;;;
out/17;OLEO DIESEL S10;3,353;;;;;;;;;;;;
nov/17;ETANOL HIDRATADO;2,790;;;;;;;;;;;;
nov/17;GASOLINA COMUM;4,004;;;;;;;;;;;;
nov/17;GLP;65,186;;;;;;;;;;;;
nov/17;GNV;2,420;;;;;;;;;;;;
nov/17;OLEO DIESEL;3,290;;;;;;;;;;;;
nov/17;OLEO DIESEL S10;3,421;;;;;;;;;;;;
dez/17;ETANOL HIDRATADO;2,879;;;;;;;;;;;;
dez/17;GASOLINA COMUM;4,085;;;;;;;;;;;;
dez/17;GLP;66,529;;;;;;;;;;;;
dez/17;GNV;2,421;;;;;;;;;;;;
dez/17;OLEO DIESEL;3,323;;;;;;;;;;;;
dez/17;OLEO DIESEL S10;3,455;;;;;;;;;;;;
jan/18;ETANOL HIDRATADO;2,984;;;;;;;;;;;;
jan/18;GASOLINA COMUM;4,189;;;;;;;;;;;;
jan/18;GLP;67,306;;;;;;;;;;;;
jan/18;GNV;2,468;;;;;;;;;;;;
jan/18;OLEO DIESEL;3,375;;;;;;;;;;;;
jan/18;OLEO DIESEL S10;3,498;;;;;;;;;;;;
fev/18;ETANOL HIDRATADO;3,023;;;;;;;;;;;;
fev/18;GASOLINA COMUM;4,208;;;;;;;;;;;;
fev/18;GLP;66,803;;;;;;;;;;;;
fev/18;GNV;2,519;;;;;;;;;;;;
fev/18;OLEO DIESEL;3,388;;;;;;;;;;;;
fev/18;OLEO DIESEL S10;3,510;;;;;;;;;;;;
mar/18;ETANOL HIDRATADO;3,032;;;;;;;;;;;;
mar/18;GASOLINA COMUM;4,199;;;;;;;;;;;;
mar/18;GLP;66,790;;;;;;;;;;;;
mar/18;GNV;2,551;;;;;;;;;;;;
mar/18;OLEO DIESEL;3,383;;;;;;;;;;;;
mar/18;OLEO DIESEL S10;3,502;;;;;;;;;;;;
abr/18;ETANOL HIDRATADO;2,972;;;;;;;;;;;;
abr/18;GASOLINA COMUM;4,215;;;;;;;;;;;;
abr/18;GLP;66,985;;;;;;;;;;;;
abr/18;GNV;2,562;;;;;;;;;;;;
abr/18;OLEO DIESEL;3,432;;;;;;;;;;;;
abr/18;OLEO DIESEL S10;3,518;;;;;;;;;;;;
mai/18;ETANOL HIDRATADO;2,811;;;;;;;;;;;;
mai/18;GASOLINA COMUM;4,314;;;;;;;;;;;;
mai/18;GLP;66,957;;;;;;;;;;;;
mai/18;GNV;2,640;;;;;;;;;;;;
mai/18;OLEO DIESEL;3,629;;;;;;;;;;;;
mai/18;OLEO DIESEL S10;3,715;;;;;;;;;;;;
jun/18;ETANOL HIDRATADO;2,933;;;;;;;;;;;;
jun/18;GASOLINA COMUM;4,552;;;;;;;;;;;;
jun/18;GLP;68,766;;;;;;;;;;;;
jun/18;GNV;2,685;;;;;;;;;;;;
jun/18;OLEO DIESEL;3,424;;;;;;;;;;;;
jun/18;OLEO DIESEL S10;3,506;;;;;;;;;;;;
jul/18;ETANOL HIDRATADO;2,785;;;;;;;;;;;;
jul/18;GASOLINA COMUM;4,492;;;;;;;;;;;;
jul/18;GLP;68,574;;;;;;;;;;;;
jul/18;GNV;2,712;;;;;;;;;;;;
jul/18;OLEO DIESEL;3,382;;;;;;;;;;;;
jul/18;OLEO DIESEL S10;3,460;;;;;;;;;;;;
ago/18;ETANOL HIDRATADO;2,656;;;;;;;;;;;;
ago/18;GASOLINA COMUM;4,447;;;;;;;;;;;;
ago/18;GLP;68,345;;;;;;;;;;;;
ago/18;GNV;2,798;;;;;;;;;;;;
ago/18;OLEO DIESEL;3,373;;;;;;;;;;;;
ago/18;OLEO DIESEL S10;3,452;;;;;;;;;;;;
set/18;ETANOL HIDRATADO;2,798;;;;;;;;;;;;
set/18;GASOLINA COMUM;4,625;;;;;;;;;;;;
set/18;GLP;68,476;;;;;;;;;;;;
set/18;GNV;2,851;;;;;;;;;;;;
set/18;OLEO DIESEL;3,605;;;;;;;;;;;;
set/18;OLEO DIESEL S10;3,688;;;;;;;;;;;;
out/18;ETANOL HIDRATADO;2,934;;;;;;;;;;;;
out/18;GASOLINA COMUM;4,717;;;;;;;;;;;;
out/18;GLP;68,529;;;;;;;;;;;;
out/18;GNV;2,880;;;;;;;;;;;;
out/18;OLEO DIESEL;3,706;;;;;;;;;;;;
out/18;OLEO DIESEL S10;3,783;;;;;;;;;;;;
nov/18;ETANOL HIDRATADO;2,917;;;;;;;;;;;;
nov/18;GASOLINA COMUM;4,590;;;;;;;;;;;;
nov/18;GLP;68,971;;;;;;;;;;;;
nov/18;GNV;3,005;;;;;;;;;;;;
nov/18;OLEO DIESEL;3,661;;;;;;;;;;;;
nov/18;OLEO DIESEL S10;3,747;;;;;;;;;;;;
dez/18;ETANOL HIDRATADO;2,828;;;;;;;;;;;;
dez/18;GASOLINA COMUM;4,365;;;;;;;;;;;;
dez/18;GLP;69,354;;;;;;;;;;;;
dez/18;GNV;3,052;;;;;;;;;;;;
dez/18;OLEO DIESEL;3,499;;;;;;;;;;;;
dez/18;OLEO DIESEL S10;3,604;;;;;;;;;;;;
jan/19;ETANOL HIDRATADO;2,812;;;;;;;;;;;;
jan/19;GASOLINA COMUM;4,268;;;;;;;;;;;;
jan/19;GLP;69,260;;;;;;;;;;;;
jan/19;GNV;3,084;;;;;;;;;;;;
jan/19;OLEO DIESEL;3,437;;;;;;;;;;;;
jan/19;OLEO DIESEL S10;3,543;;;;;;;;;;;;
fev/19;ETANOL HIDRATADO;2,783;;;;;;;;;;;;
fev/19;GASOLINA COMUM;4,190;;;;;;;;;;;;
fev/19;GLP;69,107;;;;;;;;;;;;
fev/19;GNV;3,131;;;;;;;;;;;;
fev/19;OLEO DIESEL;3,453;;;;;;;;;;;;
fev/19;OLEO DIESEL S10;3,549;;;;;;;;;;;;
mar/19;ETANOL HIDRATADO;2,950;;;;;;;;;;;;
mar/19;GASOLINA COMUM;4,305;;;;;;;;;;;;
mar/19;GLP;69,169;;;;;;;;;;;;
mar/19;GNV;3,154;;;;;;;;;;;;
mar/19;OLEO DIESEL;3,530;;;;;;;;;;;;
mar/19;OLEO DIESEL S10;3,619;;;;;;;;;;;;
abr/19;ETANOL HIDRATADO;3,002;;;;;;;;;;;;
abr/19;GASOLINA COMUM;4,437;;;;;;;;;;;;
abr/19;GLP;69,064;;;;;;;;;;;;
abr/19;GNV;3,168;;;;;;;;;;;;
abr/19;OLEO DIESEL;3,573;;;;;;;;;;;;
abr/19;OLEO DIESEL S10;3,660;;;;;;;;;;;;
mai/19;ETANOL HIDRATADO;2,990;;;;;;;;;;;;
mai/19;GASOLINA COMUM;4,552;;;;;;;;;;;;
mai/19;GLP;69,294;;;;;;;;;;;;
mai/19;GNV;3,162;;;;;;;;;;;;
mai/19;OLEO DIESEL;3,649;;;;;;;;;;;;
mai/19;OLEO DIESEL S10;3,730;;;;;;;;;;;;
jun/19;ETANOL HIDRATADO;2,819;;;;;;;;;;;;
jun/19;GASOLINA COMUM;4,468;;;;;;;;;;;;
jun/19;GLP;69,241;;;;;;;;;;;;
jun/19;GNV;3,161;;;;;;;;;;;;
jun/19;OLEO DIESEL;3,608;;;;;;;;;;;;
jun/19;OLEO DIESEL S10;3,692;;;;;;;;;;;;
jul/19;ETANOL HIDRATADO;2,776;;;;;;;;;;;;
jul/19;GASOLINA COMUM;4,351;;;;;;;;;;;;
jul/19;GLP;69,077;;;;;;;;;;;;
jul/19;GNV;3,148;;;;;;;;;;;;
jul/19;OLEO DIESEL;3,543;;;;;;;;;;;;
jul/19;OLEO DIESEL S10;3,631;;;;;;;;;;;;
ago/19;ETANOL HIDRATADO;2,829;;;;;;;;;;;;
ago/19;GASOLINA COMUM;4,316;;;;;;;;;;;;
ago/19;GLP;68,823;;;;;;;;;;;;
ago/19;GNV;3,157;;;;;;;;;;;;
ago/19;OLEO DIESEL;3,524;;;;;;;;;;;;
ago/19;OLEO DIESEL S10;3,612;;;;;;;;;;;;
set/19;ETANOL HIDRATADO;2,851;;;;;;;;;;;;
set/19;GASOLINA COMUM;4,326;;;;;;;;;;;;
set/19;GLP;68,859;;;;;;;;;;;;
set/19;GNV;3,156;;;;;;;;;;;;
set/19;OLEO DIESEL;3,592;;;;;;;;;;;;
set/19;OLEO DIESEL S10;3,671;;;;;;;;;;;;
out/19;ETANOL HIDRATADO;2,906;;;;;;;;;;;;
out/19;GASOLINA COMUM;4,380;;;;;;;;;;;;
out/19;GLP;68,771;;;;;;;;;;;;
out/19;GNV;3,181;;;;;;;;;;;;
out/19;OLEO DIESEL;3,705;;;;;;;;;;;;
out/19;OLEO DIESEL S10;3,777;;;;;;;;;;;;
nov/19;ETANOL HIDRATADO;2,974;;;;;;;;;;;;
nov/19;GASOLINA COMUM;4,413;;;;;;;;;;;;
nov/19;GLP;69,113;;;;;;;;;;;;
nov/19;GNV;3,188;;;;;;;;;;;;
nov/19;OLEO DIESEL;3,713;;;;;;;;;;;;
nov/19;OLEO DIESEL S10;3,786;;;;;;;;;;;;
dez/19;ETANOL HIDRATADO;3,125;;;;;;;;;;;;
dez/19;GASOLINA COMUM;4,531;;;;;;;;;;;;
dez/19;GLP;69,241;;;;;;;;;;;;
dez/19;GNV;3,203;;;;;;;;;;;;
dez/19;OLEO DIESEL;3,737;;;;;;;;;;;;
dez/19;OLEO DIESEL S10;3,811;;;;;;;;;;;;
jan/20;ETANOL HIDRATADO;3,226;;;;;;;;;;;;
jan/20;GASOLINA COMUM;4,579;;;;;;;;;;;;
jan/20;GLP;69,743;;;;;;;;;;;;
jan/20;GNV;3,211;;;;;;;;;;;;
jan/20;OLEO DIESEL;3,788;;;;;;;;;;;;
jan/20;OLEO DIESEL S10;3,856;;;;;;;;;;;;
fev/20;ETANOL HIDRATADO;3,248;;;;;;;;;;;;
fev/20;GASOLINA COMUM;4,550;;;;;;;;;;;;
fev/20;GLP;69,907;;;;;;;;;;;;
fev/20;GNV;3,209;;;;;;;;;;;;
fev/20;OLEO DIESEL;3,714;;;;;;;;;;;;
fev/20;OLEO DIESEL S10;3,795;;;;;;;;;;;;
mar/20;ETANOL HIDRATADO;3,196;;;;;;;;;;;;
mar/20;GASOLINA COMUM;4,462;;;;;;;;;;;;
mar/20;GLP;69,937;;;;;;;;;;;;
mar/20;GNV;3,195;;;;;;;;;;;;
mar/20;OLEO DIESEL;3,574;;;;;;;;;;;;
mar/20;OLEO DIESEL S10;3,665;;;;;;;;;;;;
abr/20;ETANOL HIDRATADO;2,784;;;;;;;;;;;;
abr/20;GASOLINA COMUM;4,066;;;;;;;;;;;;
abr/20;GLP;69,889;;;;;;;;;;;;
abr/20;GNV;3,184;;;;;;;;;;;;
abr/20;OLEO DIESEL;3,293;;;;;;;;;;;;
abr/20;OLEO DIESEL S10;3,392;;;;;;;;;;;;
mai/20;ETANOL HIDRATADO;2,550;;;;;;;;;;;;
mai/20;GASOLINA COMUM;3,818;;;;;;;;;;;;
mai/20;GLP;69,536;;;;;;;;;;;;
mai/20;GNV;3,098;;;;;;;;;;;;
mai/20;OLEO DIESEL;3,037;;;;;;;;;;;;
mai/20;OLEO DIESEL S10;3,140;;;;;;;;;;;;
jun/20;ETANOL HIDRATADO;2,655;;;;;;;;;;;;
jun/20;GASOLINA COMUM;3,964;;;;;;;;;;;;
jun/20;GLP;69,579;;;;;;;;;;;;
jun/20;GNV;3,080;;;;;;;;;;;;
jun/20;OLEO DIESEL;3,064;;;;;;;;;;;;
jun/20;OLEO DIESEL S10;3,152;;;;;;;;;;;;
jul/20;ETANOL HIDRATADO;2,739;;;;;;;;;;;;
jul/20;GASOLINA COMUM;4,144;;;;;;;;;;;;
jul/20;GLP;69,961;;;;;;;;;;;;
jul/20;GNV;3,062;;;;;;;;;;;;
jul/20;OLEO DIESEL;3,249;;;;;;;;;;;;
jul/20;OLEO DIESEL S10;3,327;;;;;;;;;;;;
ago/20;ETANOL HIDRATADO;2,768;;;;;;;;;;;;
ago/20;GASOLINA COMUM;4,237;;;;;;;;;;;;
ago/20;GLP;69,981;;;;;;;;;;;;
ago/20;GNV;3,015;;;;;;;;;;;;
ago/20;OLEO DIESEL;3,358;;;;;;;;;;;;
ago/20;OLEO DIESEL S10;3,431;;;;;;;;;;;;
out/20;ETANOL HIDRATADO;3,006;;;;;;;;;;;;
out/20;GASOLINA ADITIVADA;4,509;;;;;;;;;;;;
out/20;GASOLINA COMUM;4,358;;;;;;;;;;;;
out/20;GLP;71,611;;;;;;;;;;;;
out/20;GNV;2,879;;;;;;;;;;;;
out/20;OLEO DIESEL;3,454;;;;;;;;;;;;
out/20;OLEO DIESEL S10;3,582;;;;;;;;;;;;
nov/20;ETANOL HIDRATADO;3,103;;;;;;;;;;;;
nov/20;GASOLINA ADITIVADA;4,565;;;;;;;;;;;;
nov/20;GASOLINA COMUM;4,406;;;;;;;;;;;;
nov/20;GLP;73,206;;;;;;;;;;;;
nov/20;GNV;2,965;;;;;;;;;;;;
nov/20;OLEO DIESEL;3,514;;;;;;;;;;;;
nov/20;OLEO DIESEL S10;3,605;;;;;;;;;;;;
dez/20;ETANOL HIDRATADO;3,179;;;;;;;;;;;;
dez/20;GASOLINA ADITIVADA;4,619;;;;;;;;;;;;
dez/20;GASOLINA COMUM;4,483;;;;;;;;;;;;
dez/20;GLP;74,744;;;;;;;;;;;;
dez/20;GNV;3,090;;;;;;;;;;;;
dez/20;OLEO DIESEL;3,606;;;;;;;;;;;;
dez/20;OLEO DIESEL S10;3,683;;;;;;;;;;;;
jan/21;ETANOL HIDRATADO;3,221;;;;;;;;;;;;
jan/21;GASOLINA ADITIVADA;4,756;;;;;;;;;;;;
jan/21;GASOLINA COMUM;4,622;;;;;;;;;;;;
jan/21;GLP;76,860;;;;;;;;;;;;
jan/21;GNV;3,187;;;;;;;;;;;;
jan/21;OLEO DIESEL;3,696;;;;;;;;;;;;
jan/21;OLEO DIESEL S10;3,778;;;;;;;;;;;;
fev/21;ETANOL HIDRATADO;3,429;;;;;;;;;;;;
fev/21;GASOLINA ADITIVADA;5,088;;;;;;;;;;;;
fev/21;GASOLINA COMUM;4,951;;;;;;;;;;;;
fev/21;GLP;79,690;;;;;;;;;;;;
fev/21;GNV;3,207;;;;;;;;;;;;
fev/21;OLEO DIESEL;3,951;;;;;;;;;;;;
fev/21;OLEO DIESEL S10;4,007;;;;;;;;;;;;
mar/21;ETANOL HIDRATADO;4,038;;;;;;;;;;;;
mar/21;GASOLINA ADITIVADA;5,636;;;;;;;;;;;;
mar/21;GASOLINA COMUM;5,484;;;;;;;;;;;;
mar/21;GLP;83,158;;;;;;;;;;;;
mar/21;GNV;3,262;;;;;;;;;;;;
mar/21;OLEO DIESEL;4,252;;;;;;;;;;;;
mar/21;OLEO DIESEL S10;4,313;;;;;;;;;;;;
abr/21;ETANOL HIDRATADO;3,826;;;;;;;;;;;;
abr/21;GASOLINA ADITIVADA;5,601;;;;;;;;;;;;
abr/21;GASOLINA COMUM;5,448;;;;;;;;;;;;
abr/21;GLP;85,006;;;;;;;;;;;;
abr/21;GNV;3,276;;;;;;;;;;;;
abr/21;OLEO DIESEL;4,202;;;;;;;;;;;;
abr/21;OLEO DIESEL S10;4,263;;;;;;;;;;;;
mai/21;ETANOL HIDRATADO;4,250;;;;;;;;;;;;
mai/21;GASOLINA ADITIVADA;5,760;;;;;;;;;;;;
mai/21;GASOLINA COMUM;5,604;;;;;;;;;;;;
mai/21;GLP;85,374;;;;;;;;;;;;
mai/21;GNV;3,834;;;;;;;;;;;;
mai/21;OLEO DIESEL;4,470;;;;;;;;;;;;
mai/21;OLEO DIESEL S10;4,526;;;;;;;;;;;;
jun/21;ETANOL HIDRATADO;4,358;;;;;;;;;;;;
jun/21;GASOLINA ADITIVADA;5,829;;;;;;;;;;;;
jun/21;GASOLINA COMUM;5,687;;;;;;;;;;;;
jun/21;GLP;87,430;;;;;;;;;;;;
jun/21;GNV;3,876;;;;;;;;;;;;
jun/21;OLEO DIESEL;4,505;;;;;;;;;;;;
jun/21;OLEO DIESEL S10;4,569;;;;;;;;;;;;
jul/21;ETANOL HIDRATADO;4,318;;;;;;;;;;;;
jul/21;GASOLINA ADITIVADA;5,945;;;;;;;;;;;;
jul/21;GASOLINA COMUM;5,807;;;;;;;;;;;;
jul/21;GLP;91,916;;;;;;;;;;;;
jul/21;GNV;3,938;;;;;;;;;;;;
jul/21;OLEO DIESEL;4,589;;;;;;;;;;;;
jul/21;OLEO DIESEL S10;4,646;;;;;;;;;;;;
ago/21;ETANOL HIDRATADO;4,476;;;;;;;;;;;;
ago/21;GASOLINA ADITIVADA;6,068;;;;;;;;;;;;
ago/21;GASOLINA COMUM;5,933;;;;;;;;;;;;
ago/21;GLP;93,427;;;;;;;;;;;;
ago/21;GNV;4,037;;;;;;;;;;;;
ago/21;OLEO DIESEL;4,611;;;;;;;;;;;;
ago/21;OLEO DIESEL S10;4,670;;;;;;;;;;;;
set/21;ETANOL HIDRATADO;4,698;;;;;;;;;;;;
set/21;GASOLINA ADITIVADA;6,216;;;;;;;;;;;;
set/21;GASOLINA COMUM;6,078;;;;;;;;;;;;
set/21;GLP;97,736;;;;;;;;;;;;
set/21;GNV;4,136;;;;;;;;;;;;
set/21;OLEO DIESEL;4,728;;;;;;;;;;;;
set/21;OLEO DIESEL S10;4,773;;;;;;;;;;;;
out/21;ETANOL HIDRATADO;4,883;;;;;;;;;;;;
out/21;GASOLINA ADITIVADA;6,487;;;;;;;;;;;;
out/21;GASOLINA COMUM;6,341;;;;;;;;;;;;
out/21;GLP;100,782;;;;;;;;;;;;
out/21;GNV;4,145;;;;;;;;;;;;
out/21;OLEO DIESEL;5,033;;;;;;;;;;;;
out/21;OLEO DIESEL S10;5,096;;;;;;;;;;;;
nov/21;ETANOL HIDRATADO;5,370;;;;;;;;;;;;
nov/21;GASOLINA ADITIVADA;6,899;;;;;;;;;;;;
nov/21;GASOLINA COMUM;6,744;;;;;;;;;;;;
nov/21;GLP;102,444;;;;;;;;;;;;
nov/21;GNV;4,299;;;;;;;;;;;;
nov/21;OLEO DIESEL;5,359;;;;;;;;;;;;
nov/21;OLEO DIESEL S10;5,444;;;;;;;;;;;;
dez/21;ETANOL HIDRATADO;5,141;;;;;;;;;;;;
dez/21;GASOLINA ADITIVADA;6,824;;;;;;;;;;;;
dez/21;GASOLINA COMUM;6,670;;;;;;;;;;;;
dez/21;GLP;102,320;;;;;;;;;;;;
dez/21;GNV;4,341;;;;;;;;;;;;
dez/21;OLEO DIESEL;5,347;;;;;;;;;;;;
dez/21;OLEO DIESEL S10;5,424;;;;;;;;;;;;
jan/22;ETANOL HIDRATADO;5,038;;;;;;;;;;;;
jan/22;GASOLINA ADITIVADA;6,767;;;;;;;;;;;;
jan/22;GASOLINA COMUM;6,635;;;;;;;;;;;;
jan/22;GLP;102,408;;;;;;;;;;;;
jan/22;GNV;4,452;;;;;;;;;;;;
jan/22;OLEO DIESEL;5,497;;;;;;;;;;;;
jan/22;OLEO DIESEL S10;5,562;;;;;;;;;;;;
fev/22;ETANOL HIDRATADO;4,744;;;;;;;;;;;;
fev/22;GASOLINA ADITIVADA;6,727;;;;;;;;;;;;
fev/22;GASOLINA COMUM;6,600;;;;;;;;;;;;
fev/22;GLP;102,516;;;;;;;;;;;;
fev/22;GNV;4,635;;;;;;;;;;;;
fev/22;OLEO DIESEL;5,592;;;;;;;;;;;;
fev/22;OLEO DIESEL S10;5,655;;;;;;;;;;;;
mar/22;ETANOL HIDRATADO;4,842;;;;;;;;;;;;
mar/22;GASOLINA ADITIVADA;7,122;;;;;;;;;;;;
mar/22;GASOLINA COMUM;7,012;;;;;;;;;;;;
mar/22;GLP;109,310;;;;;;;;;;;;
mar/22;GNV;4,726;;;;;;;;;;;;
mar/22;OLEO DIESEL;6,288;;;;;;;;;;;;
mar/22;OLEO DIESEL S10;6,382;;;;;;;;;;;;
abr/22;ETANOL HIDRATADO;5,326;;;;;;;;;;;;
abr/22;GASOLINA ADITIVADA;7,344;;;;;;;;;;;;
abr/22;GASOLINA COMUM;7,245;;;;;;;;;;;;
abr/22;GLP;113,513;;;;;;;;;;;;
abr/22;GNV;4,764;;;;;;;;;;;;
abr/22;OLEO DIESEL;6,602;;;;;;;;;;;;
abr/22;OLEO DIESEL S10;6,733;;;;;;;;;;;;
mai/22;ETANOL HIDRATADO;5,27;;;;;;;;;;;;
mai/22;GASOLINA ADITIVADA;7,39;;;;;;;;;;;;
mai/22;GASOLINA COMUM;7,28;;;;;;;;;;;;
mai/22;GLP;112,86;;;;;;;;;;;;
mai/22;GNV;5,24;;;;;;;;;;;;
mai/22;OLEO DIESEL;6,84;;;;;;;;;;;;
mai/22;OLEO DIESEL S10;6,97;;;;;;;;;;;;
jun/22;ETANOL HIDRATADO;4,90;;;;;;;;;;;;
jun/22;GASOLINA ADITIVADA;7,35;;;;;;;;;;;;
jun/22;GASOLINA COMUM;7,25;;;;;;;;;;;;
jun/22;GLP;112,55;;;;;;;;;;;;
jun/22;GNV;5,30;;;;;;;;;;;;
jun/22;OLEO DIESEL;7,20;;;;;;;;;;;;
jun/22;OLEO DIESEL S10;7,32;;;;;;;;;;;;
jul/22;ETANOL HIDRATADO;4,36;;;;;;;;;;;;
jul/22;GASOLINA ADITIVADA;6,19;;;;;;;;;;;;
jul/22;GASOLINA COMUM;6,05;;;;;;;;;;;;
jul/22;GLP;112,07;;;;;;;;;;;;
jul/22;GNV;5,10;;;;;;;;;;;;
jul/22;OLEO DIESEL;7,46;;;;;;;;;;;;
jul/22;OLEO DIESEL S10;7,57;;;;;;;;;;;;
ago/22;ETANOL HIDRATADO;3,95;;;;;;;;;;;;
ago/22;GASOLINA ADITIVADA;5,55;;;;;;;;;;;;
ago/22;GASOLINA COMUM;5,39;;;;;;;;;;;;
ago/22;GLP;111,62;;;;;;;;;;;;
ago/22;GNV;5,05;;;;;;;;;;;;
ago/22;OLEO DIESEL;7,10;;;;;;;;;;;;
ago/22;OLEO DIESEL S10;7,19;;;;;;;;;;;;
set/22;ETANOL HIDRATADO;3,48;;;;;;;;;;;;
set/22;GASOLINA ADITIVADA;5,15;;;;;;;;;;;;
set/22;GASOLINA COMUM;5,00;;;;;;;;;;;;
set/22;GLP;112,36;;;;;;;;;;;;
set/22;GNV;4,99;;;;;;;;;;;;
set/22;OLEO DIESEL;6,85;;;;;;;;;;;;
set/22;OLEO DIESEL S10;6,94;;;;;;;;;;;;
out/22;ETANOL HIDRATADO;3,56;;;;;;;;;;;;
out/22;GASOLINA ADITIVADA;5,06;;;;;;;;;;;;
out/22;GASOLINA COMUM;4,89;;;;;;;;;;;;
out/22;GLP;109,75;;;;;;;;;;;;
out/22;GNV;4,90;;;;;;;;;;;;
out/22;OLEO DIESEL;6,56;;;;;;;;;;;;
out/22;OLEO DIESEL S10;6,68;;;;;;;;;;;;
nov/22;ETANOL HIDRATADO;3,83;;;;;;;;;;;;
nov/22;GASOLINA ADITIVADA;5,20;;;;;;;;;;;;
nov/22;GASOLINA COMUM;5,04;;;;;;;;;;;;
nov/22;GLP;110,17;;;;;;;;;;;;
nov/22;GNV;4,80;;;;;;;;;;;;
nov/22;OLEO DIESEL;6,58;;;;;;;;;;;;
nov/22;OLEO DIESEL S10;6,69;;;;;;;;;;;;
dez/22;ETANOL HIDRATADO;3,84;;;;;;;;;;;;
dez/22;GASOLINA ADITIVADA;5,15;;;;;;;;;;;;
dez/22;GASOLINA COMUM;4,97;;;;;;;;;;;;
dez/22;GLP;109,18;;;;;;;;;;;;
dez/22;GNV;4,77;;;;;;;;;;;;
dez/22;OLEO DIESEL;6,36;;;;;;;;;;;;
dez/22;OLEO DIESEL S10;6,49;;;;;;;;;;;;
jan/23;ETANOL HIDRATADO;3,88;;;;;;;;;;;;
jan/23;GASOLINA ADITIVADA;5,22;;;;;;;;;;;;
jan/23;GASOLINA COMUM;5,05;;;;;;;;;;;;
jan/23;GLP;108,27;;;;;;;;;;;;
jan/23;GNV;4,73;;;;;;;;;;;;
jan/23;OLEO DIESEL;6,33;;;;;;;;;;;;
jan/23;OLEO DIESEL S10;6,44;;;;;;;;;;;;
fev/23;ETANOL HIDRATADO;3,80;;;;;;;;;;;;
fev/23;GASOLINA ADITIVADA;5,27;;;;;;;;;;;;
fev/23;GASOLINA COMUM;5,09;;;;;;;;;;;;
fev/23;GLP;107,89;;;;;;;;;;;;
fev/23;GNV;4,60;;;;;;;;;;;;
fev/23;OLEO DIESEL;6,06;;;;;;;;;;;;
fev/23;OLEO DIESEL S10;6,16;;;;;;;;;;;;
mar/23;ETANOL HIDRATADO;3,93;;;;;;;;;;;;
mar/23;GASOLINA ADITIVADA;5,69;;;;;;;;;;;;
mar/23;GASOLINA COMUM;5,52;;;;;;;;;;;;
mar/23;GLP;107,56;;;;;;;;;;;;
mar/23;GNV;4,52;;;;;;;;;;;;
mar/23;OLEO DIESEL;5,88;;;;;;;;;;;;
mar/23;OLEO DIESEL S10;5,95;;;;;;;;;;;;
abr/23;ETANOL HIDRATADO;3,97;;;;;;;;;;;;
abr/23;GASOLINA ADITIVADA;5,68;;;;;;;;;;;;
abr/23;GASOLINA COMUM;5,51;;;;;;;;;;;;
abr/23;GLP;107,58;;;;;;;;;;;;
abr/23;GNV;4,51;;;;;;;;;;;;
abr/23;OLEO DIESEL;5,76;;;;;;;;;;;;
abr/23;OLEO DIESEL S10;5,81;;;;;;;;;;;;
mai/23;ETANOL HIDRATADO;3,97;;;;;;;;;;;;
mai/23;GASOLINA ADITIVADA;5,56;;;;;;;;;;;;
mai/23;GASOLINA COMUM;5,39;;;;;;;;;;;;
mai/23;GLP;107,29;;;;;;;;;;;;
mai/23;GNV;4,38;;;;;;;;;;;;
mai/23;OLEO DIESEL;5,37;;;;;;;;;;;;
mai/23;OLEO DIESEL S10;5,42;;;;;;;;;;;;
jun/23;ETANOL HIDRATADO;3,76;;;;;;;;;;;;
jun/23;GASOLINA ADITIVADA;5,57;;;;;;;;;;;;
jun/23;GASOLINA COMUM;5,38;;;;;;;;;;;;
jun/23;GLP;103,46;;;;;;;;;;;;
jun/23;GNV;4,29;;;;;;;;;;;;
jun/23;OLEO DIESEL;5,02;;;;;;;;;;;;
jun/23;OLEO DIESEL S10;5,08;;;;;;;;;;;;
jul/23;ETANOL HIDRATADO;3,79;;;;;;;;;;;;
jul/23;GASOLINA ADITIVADA;5,79;;;;;;;;;;;;
jul/23;GASOLINA COMUM;5,61;;;;;;;;;;;;
jul/23;GLP;101,99;;;;;;;;;;;;
jul/23;GNV;4,53;;;;;;;;;;;;
jul/23;OLEO DIESEL;4,94;;;;;;;;;;;;
jul/23;OLEO DIESEL S10;5,00;;;;;;;;;;;;
ago/23;ETANOL HIDRATADO;3,63;;;;;;;;;;;;
ago/23;GASOLINA ADITIVADA;5,88;;;;;;;;;;;;
ago/23;GASOLINA COMUM;5,71;;;;;;;;;;;;
ago/23;GLP;101,09;;;;;;;;;;;;
ago/23;GNV;4,44;;;;;;;;;;;;
ago/23;OLEO DIESEL;5,51;;;;;;;;;;;;
ago/23;OLEO DIESEL S10;5,61;;;;;;;;;;;;
set/23;ETANOL HIDRATADO;3,64;;;;;;;;;;;;
set/23;GASOLINA ADITIVADA;5,99;;;;;;;;;;;;
set/23;GASOLINA COMUM;5,83;;;;;;;;;;;;
set/23;GLP;101,41;;;;;;;;;;;;
set/23;GNV;4,39;;;;;;;;;;;;
set/23;OLEO DIESEL;6,08;;;;;;;;;;;;
set/23;OLEO DIESEL S10;6,20;;;;;;;;;;;;
out/23;ETANOL HIDRATADO;3,60;;;;;;;;;;;;
out/23;GASOLINA ADITIVADA;5,90;;;;;;;;;;;;
out/23;GASOLINA COMUM;5,73;;;;;;;;;;;;
out/23;GLP;101,76;;;;;;;;;;;;
out/23;GNV;4,33;;;;;;;;;;;;
out/23;OLEO DIESEL;6,08;;;;;;;;;;;;
out/23;OLEO DIESEL S10;6,22;;;;;;;;;;;;
nov/23;ETANOL HIDRATADO;3,56;;;;;;;;;;;;
nov/23;GASOLINA ADITIVADA;5,82;;;;;;;;;;;;
nov/23;GASOLINA COMUM;5,63;;;;;;;;;;;;
nov/23;GLP;101,38;;;;;;;;;;;;
nov/23;GNV;4,42;;;;;;;;;;;;
nov/23;OLEO DIESEL;6,08;;;;;;;;;;;;
nov/23;OLEO DIESEL S10;6,20;;;;;;;;;;;;
dez/23;ETANOL HIDRATADO;3,48;;;;;;;;;;;;
dez/23;GASOLINA ADITIVADA;5,79;;;;;;;;;;;;
dez/23;GASOLINA COMUM;5,60;;;;;;;;;;;;
dez/23;GLP;100,93;;;;;;;;;;;;
dez/23;GNV;4,44;;;;;;;;;;;;
dez/23;OLEO DIESEL;5,92;;;;;;;;;;;;
dez/23;OLEO DIESEL S10;6,02;;;;;;;;;;;;
jan/24;ETANOL HIDRATADO;3,42;;;;;;;;;;;;
jan/24;GASOLINA ADITIVADA;5,76;;;;;;;;;;;;
jan/24;GASOLINA COMUM;5,57;;;;;;;;;;;;
jan/24;GLP;100,88;;;;;;;;;;;;
jan/24;GNV;4,58;;;;;;;;;;;;
jan/24;OLEO DIESEL;5,86;;;;;;;;;;;;
jan/24;OLEO DIESEL S10;5,95;;;;;;;;;;;;
fev/24;ETANOL HIDRATADO;3,57;;;;;;;;;;;;
fev/24;GASOLINA ADITIVADA;5,95;;;;;;;;;;;;
fev/24;GASOLINA COMUM;5,75;;;;;;;;;;;;
fev/24;GLP;102,09;;;;;;;;;;;;
fev/24;GNV;4,56;;;;;;;;;;;;
fev/24;OLEO DIESEL;5,90;;;;;;;;;;;;
fev/24;OLEO DIESEL S10;5,97;;;;;;;;;;;;
mar/24;ETANOL HIDRATADO;3,58;;;;;;;;;;;;
mar/24;GASOLINA ADITIVADA;5,93;;;;;;;;;;;;
mar/24;GASOLINA COMUM;5,74;;;;;;;;;;;;
mar/24;GLP;102,18;;;;;;;;;;;;
mar/24;GNV;4,54;;;;;;;;;;;;
mar/24;OLEO DIESEL;5,86;;;;;;;;;;;;
mar/24;OLEO DIESEL S10;5,93;;;;;;;;;;;;
abr/24;ETANOL HIDRATADO;3,78;;;;;;;;;;;;
abr/24;GASOLINA ADITIVADA;5,99;;;;;;;;;;;;
abr/24;GASOLINA COMUM;5,80;;;;;;;;;;;;
abr/24;GLP;101,86;;;;;;;;;;;;
abr/24;GNV;4,54;;;;;;;;;;;;
abr/24;OLEO DIESEL;5,88;;;;;;;;;;;;
abr/24;OLEO DIESEL S10;5,94;;;;;;;;;;;;
mai/24;ETANOL HIDRATADO;3,82;;;;;;;;;;;;
mai/24;GASOLINA ADITIVADA;6,05;;;;;;;;;;;;
mai/24;GASOLINA COMUM;5,86;;;;;;;;;;;;
mai/24;GLP;101,61;;;;;;;;;;;;
mai/24;GNV;4,59;;;;;;;;;;;;
mai/24;OLEO DIESEL;5,88;;;;;;;;;;;;
mai/24;OLEO DIESEL S10;5,94;;;;;;;;;;;;
jun/24;ETANOL HIDRATADO;3,82;;;;;;;;;;;;
jun/24;GASOLINA ADITIVADA;6,05;;;;;;;;;;;;
jun/24;GASOLINA COMUM;5,85;;;;;;;;;;;;
jun/24;GLP;101,46;;;;;;;;;;;;
jun/24;GNV;4,58;;;;;;;;;;;;
jun/24;OLEO DIESEL;5,87;;;;;;;;;;;;
jun/24;OLEO DIESEL S10;5,93;;;;;;;;;;;;
jul/24;ETANOL HIDRATADO;4,02;;;;;;;;;;;;
jul/24;GASOLINA ADITIVADA;6,22;;;;;;;;;;;;
jul/24;GASOLINA COMUM;6,04;;;;;;;;;;;;
jul/24;GLP;102,59;;;;;;;;;;;;
jul/24;GNV;4,59;;;;;;;;;;;;
jul/24;OLEO DIESEL;5,94;;;;;;;;;;;;
jul/24;OLEO DIESEL S10;6,01;;;;;;;;;;;;
ago/24;ETANOL HIDRATADO;4,06;;;;;;;;;;;;
ago/24;GASOLINA ADITIVADA;6,29;;;;;;;;;;;;
ago/24;GASOLINA COMUM;6,11;;;;;;;;;;;;
ago/24;GLP;103,53;;;;;;;;;;;;
ago/24;GNV;4,72;;;;;;;;;;;;
ago/24;OLEO DIESEL;5,95;;;;;;;;;;;;
ago/24;OLEO DIESEL S10;6,02;;;;;;;;;;;;
set/24;ETANOL HIDRATADO;4,05;;;;;;;;;;;;
set/24;GASOLINA ADITIVADA;6,27;;;;;;;;;;;;
set/24;GASOLINA COMUM;6,08;;;;;;;;;;;;
set/24;GLP;106,04;;;;;;;;;;;;
set/24;GNV;4,71;;;;;;;;;;;;
set/24;OLEO DIESEL;5,94;;;;;;;;;;;;
set/24;OLEO DIESEL S10;6,01;;;;;;;;;;;;
out/24;ETANOL HIDRATADO;4,04;;;;;;;;;;;;
out/24;GASOLINA ADITIVADA;6,28;;;;;;;;;;;;
out/24;GASOLINA COMUM;6,09;;;;;;;;;;;;
out/24;GLP;106,57;;;;;;;;;;;;
out/24;GNV;4,68;;;;;;;;;;;;
out/24;OLEO DIESEL;5,95;;;;;;;;;;;;
out/24;OLEO DIESEL S10;6,02;;;;;;;;;;;;
nov/24;ETANOL HIDRATADO;4,05;;;;;;;;;;;;
nov/24;GASOLINA ADITIVADA;6,30;;;;;;;;;;;;
nov/24;GASOLINA COMUM;6,10;;;;;;;;;;;;
nov/24;GLP;106,84;;;;;;;;;;;;
nov/24;GNV;4,67;;;;;;;;;;;;
nov/24;OLEO DIESEL;5,98;;;;;;;;;;;;
nov/24;OLEO DIESEL S10;6,05;;;;;;;;;;;;
dez/24;ETANOL HIDRATADO;4,11;;;;;;;;;;;;
dez/24;GASOLINA ADITIVADA;6,34;;;;;;;;;;;;
dez/24;GASOLINA COMUM;6,14;;;;;;;;;;;;
dez/24;GLP;107,41;;;;;;;;;;;;
dez/24;GNV;4,65;;;;;;;;;;;;
dez/24;OLEO DIESEL;6,03;;;;;;;;;;;;
dez/24;OLEO DIESEL S10;6,11;;;;;;;;;;;;
jan/25;ETANOL HIDRATADO;4,21;;;;;;;;;;;;
jan/25;GASOLINA ADITIVADA;6,36;;;;;;;;;;;;
jan/25;GASOLINA COMUM;6,18;;;;;;;;;;;;
jan/25;GLP;107,21;;;;;;;;;;;;
jan/25;GNV;4,65;;;;;;;;;;;;
jan/25;OLEO DIESEL;6,08;;;;;;;;;;;;
jan/25;OLEO DIESEL S10;6,16;;;;;;;;;;;;
fev/25;ETANOL HIDRATADO;4,38;;;;;;;;;;;;
fev/25;GASOLINA ADITIVADA;6,56;;;;;;;;;;;;
fev/25;GASOLINA COMUM;6,36;;;;;;;;;;;;
fev/25;GLP;107,24;;;;;;;;;;;;
fev/25;GNV;4,68;;;;;;;;;;;;
fev/25;OLEO DIESEL;6,38;;;;;;;;;;;;
fev/25;OLEO DIESEL S10;6,46;;;;;;;;;;;;
mar/25;ETANOL HIDRATADO;4,35;;;;;;;;;;;;
mar/25;GASOLINA ADITIVADA;6,55;;;;;;;;;;;;
mar/25;GASOLINA COMUM;6,34;;;;;;;;;;;;
mar/25;GLP;107,31;;;;;;;;;;;;
mar/25;GNV;4,68;;;;;;;;;;;;
mar/25;OLEO DIESEL;6,35;;;;;;;;;;;;
mar/25;OLEO DIESEL S10;6,42;;;;;;;;;;;;
abr/25;ETANOL HIDRATADO;4,31;;;;;;;;;;;;
abr/25;GASOLINA ADITIVADA;6,52;;;;;;;;;;;;
abr/25;GASOLINA COMUM;6,32;;;;;;;;;;;;
abr/25;GLP;107,50;;;;;;;;;;;;
abr/25;GNV;4,66;;;;;;;;;;;;
abr/25;OLEO DIESEL;6,22;;;;;;;;;;;;
abr/25;OLEO DIESEL S10;6,29;;;;;;;;;;;;
mai/25;ETANOL HIDRATADO;4,29;;;;;;;;;;;;
mai/25;GASOLINA ADITIVADA;6,49;;;;;;;;;;;;
mai/25;GASOLINA COMUM;6,28;;;;;;;;;;;;
mai/25;GLP;108,59;;;;;;;;;;;;
mai/25;GNV;4,65;;;;;;;;;;;;
mai/25;OLEO DIESEL;6,06;;;;;;;;;;;;
mai/25;OLEO DIESEL S10;6,12;;;;;;;;;;;;
jun/25;ETANOL HIDRATADO;4,20;;;;;;;;;;;;
jun/25;GASOLINA ADITIVADA;6,44;;;;;;;;;;;;
jun/25;GASOLINA COMUM;6,23;;;;;;;;;;;;
jun/25;GLP;108,63;;;;;;;;;;;;
jun/25;GNV;4,66;;;;;;;;;;;;
jun/25;OLEO DIESEL;5,97;;;;;;;;;;;;
jun/25;OLEO DIESEL S10;6,04;;;;;;;;;;;;
jul/25;ETANOL HIDRATADO;4,16;;;;;;;;;;;;
jul/25;GASOLINA ADITIVADA;6,41;;;;;;;;;;;;
jul/25;GASOLINA COMUM;6,21;;;;;;;;;;;;
jul/25;GLP;108,45;;;;;;;;;;;;
jul/25;GNV;4,66;;;;;;;;;;;;
jul/25;OLEO DIESEL;5,97;;;;;;;;;;;;
jul/25;OLEO DIESEL S10;6,03;;;;;;;;;;;;
ago/25;ETANOL HIDRATADO;4,17;;;;;;;;;;;;
ago/25;GASOLINA ADITIVADA;6,40;;;;;;;;;;;;
ago/25;GASOLINA COMUM;6,19;;;;;;;;;;;;
ago/25;GLP;108,10;;;;;;;;;;;;
ago/25;GNV;4,57;;;;;;;;;;;;
ago/25;OLEO DIESEL;6,00;;;;;;;;;;;;
ago/25;OLEO DIESEL S10;6,06;;;;;;;;;;;;
set/25;ETANOL HIDRATADO;4,26;;;;;;;;;;;;
set/25;GASOLINA ADITIVADA;6,40;;;;;;;;;;;;
set/25;GASOLINA COMUM;6,19;;;;;;;;;;;;
set/25;GLP;109,10;;;;;;;;;;;;
set/25;GNV;4,55;;;;;;;;;;;;
set/25;OLEO DIESEL;5,99;;;;;;;;;;;;
set/25;OLEO DIESEL S10;6,06;;;;;;;;;;;;
out/25;ETANOL HIDRATADO;4,28;;;;;;;;;;;;
out/25;GASOLINA ADITIVADA;6,42;;;;;;;;;;;;
out/25;GASOLINA COMUM;6,20;;;;;;;;;;;;
out/25;GLP;110,30;;;;;;;;;;;;
out/25;GNV;4,54;;;;;;;;;;;;
out/25;OLEO DIESEL;5,98;;;;;;;;;;;;
out/25;OLEO DIESEL S10;6,05;;;;;;;;;;;;
nov/25;ETANOL HIDRATADO;4,30;;;;;;;;;;;;
nov/25;GASOLINA ADITIVADA;6,39;;;;;;;;;;;;
nov/25;GASOLINA COMUM;6,17;;;;;;;;;;;;
nov/25;GLP;110,34;;;;;;;;;;;;
nov/25;GNV;4,51;;;;;;;;;;;;
nov/25;OLEO DIESEL;6,00;;;;;;;;;;;;
nov/25;OLEO DIESEL S10;6,07;;;;;;;;;;;;
dez/25;ETANOL HIDRATADO;4,42;;;;;;;;;;;;
dez/25;GASOLINA ADITIVADA;6,40;;;;;;;;;;;;
dez/25;GASOLINA COMUM;6,19;;;;;;;;;;;;
dez/25;GLP;110,22;;;;;;;;;;;;
dez/25;GNV;4,49;;;;;;;;;;;;
dez/25;OLEO DIESEL;6,01;;;;;;;;;;;;
dez/25;OLEO DIESEL S10;6,07;;;;;;;;;;;;
jan/26;ETANOL HIDRATADO;4,59;;;;;;;;;;;;
jan/26;GASOLINA ADITIVADA;6,54;;;;;;;;;;;;
jan/26;GASOLINA COMUM;6,32;;;;;;;;;;;;
jan/26;GLP;110,31;;;;;;;;;;;;
jan/26;GNV;4,47;;;;;;;;;;;;
jan/26;OLEO DIESEL;6,05;;;;;;;;;;;;
jan/26;OLEO DIESEL S10;6,12;;;;;;;;;;;;
fev/26;ETANOL HIDRATADO;4,64;;;;;;;;;;;;
fev/26;GASOLINA ADITIVADA;6,51;;;;;;;;;;;;
fev/26;GASOLINA COMUM;6,30;;;;;;;;;;;;
fev/26;GLP;110,00;;;;;;;;;;;;
fev/26;GNV;4,36;;;;;;;;;;;;
fev/26;OLEO DIESEL;6,04;;;;;;;;;;;;
fev/26;OLEO DIESEL S10;6,10;;;;;;;;;;;;
